123 123 123 123 123
gcr 123 gcr boy 20
123 123 123 123 123
gcr 123 gcr boy 20
123 123 123 123 123
gcr 123 gcr boy 20
123 123 123 123 123
gcr 123 gcr boy 20
123 123 123 123 123
gcr 123 gcr boy 20
123 123 123 123 123
gcr 123 gcr boy 20
123 123 123 123 123
gcr 123 gcr boy 20
123 123 123 123 123
gcr 123 gcr boy 20
123 123 123 123 123
gcr 123 gcr boy 20
123 123 123 123 123
gcr 123 gcr boy 20
123 123 123 123 123
gcr 123 gcr boy 20
123 123 123 123 123
gcr 123 gcr boy 20
123 123 123 123 123
gcr 123 gcr boy 20
123 123 123 123 123
gcr 123 gcr boy 20
123 123 123 123 123
gcr 123 gcr boy 20
123 123 123 123 123
gcr 123 gcr boy 20
    
